A sorted: 
(89, 100)
(71, 100)
(96, 10)
(94, 81)
(92, 93)
(31, 93)
(46, 78)
(17, 73)
(34, 65)
(34, 60)
(55, 13)
(12, 53)
(18, 50)
(47, 2)
(43, 6)
(32, 27)
(32, 19)
(10, 22)
(17, 4)
(14, 9)

B sorted: 
(8, 99)
(31, 98)
(74, 91)
(62, 91)
(88, 33)
(13, 79)
(54, 73)
(59, 69)
(8, 68)
(54, 63)
(61, 43)
(6, 53)
(50, 27)
(12, 47)
(21, 43)
(37, 22)
(28, 7)
(5, 28)
(27, 14)
(3, 14)

matches:
(71, 100) - (8, 99)
(89, 100) - (31, 98)
(92, 93) - (74, 91)
(31, 93) - (62, 91)
(96, 10) - (88, 33)
(94, 81) - (13, 79)
(46, 78) - (54, 73)
(17, 73) - (59, 69)
(34, 65) - (54, 63)
(12, 53) - (6, 53)
(55, 13) - (50, 27)
(18, 50) - (12, 47)
(34, 60) - (21, 43)
(43, 6) - (37, 22)
(32, 19) - (28, 7)
(32, 27) - (5, 28)
(47, 2) - (27, 14)
(10, 22) - (3, 14)
