A sorted: 
(89, 51)
(34, 89)
(87, 56)
(27, 87)
(82, 38)
(44, 79)
(77, 27)
(72, 63)
(51, 69)
(68, 3)
(15, 65)
(47, 62)
(41, 55)
(42, 52)
(48, 22)
(46, 34)
(34, 42)
(20, 33)
(5, 27)
(11, 15)

B sorted: 
(25, 96)
(88, 89)
(7, 89)
(52, 83)
(32, 75)
(74, 61)
(59, 72)
(16, 70)
(67, 44)
(64, 35)
(59, 62)
(7, 52)
(29, 45)
(44, 24)
(22, 31)
(30, 30)
(29, 28)
(10, 29)
(24, 25)
(9, 18)

matches:
(34, 89) - (7, 89)
(27, 87) - (52, 83)
(44, 79) - (32, 75)
(87, 56) - (74, 61)
(72, 63) - (59, 72)
(82, 38) - (16, 70)
(77, 27) - (67, 44)
(89, 51) - (64, 35)
(51, 69) - (59, 62)
(15, 65) - (7, 52)
(42, 52) - (29, 45)
(48, 22) - (44, 24)
(20, 33) - (22, 31)
(34, 42) - (30, 30)
(46, 34) - (29, 28)
(41, 55) - (10, 29)
(5, 27) - (24, 25)
(47, 62) - (9, 18)
