A sorted: 
(19, 99)
(96, 79)
(95, 68)
(95, 48)
(92, 77)
(91, 87)
(84, 88)
(38, 88)
(1, 86)
(65, 80)
(77, 69)
(40, 73)
(73, 34)
(73, 27)
(2, 71)
(34, 59)
(29, 58)
(50, 34)
(29, 30)
(5, 8)

B sorted: 
(70, 100)
(46, 97)
(35, 97)
(89, 61)
(87, 68)
(84, 82)
(42, 84)
(81, 57)
(45, 78)
(67, 71)
(70, 8)
(14, 65)
(24, 58)
(57, 33)
(46, 56)
(54, 51)
(54, 5)
(40, 50)
(47, 15)
(18, 26)

matches:
(19, 99) - (46, 97)
(95, 68) - (89, 61)
(92, 77) - (87, 68)
(84, 88) - (84, 82)
(38, 88) - (42, 84)
(95, 48) - (81, 57)
(65, 80) - (45, 78)
(77, 69) - (67, 71)
(73, 27) - (70, 8)
(2, 71) - (14, 65)
(29, 58) - (24, 58)
(73, 34) - (57, 33)
(34, 59) - (46, 56)
(40, 73) - (54, 51)
(96, 79) - (54, 5)
(1, 86) - (40, 50)
(50, 34) - (47, 15)
(29, 30) - (18, 26)
