A sorted: 
(99, 29)
(93, 98)
(46, 97)
(96, 43)
(92, 73)
(92, 50)
(89, 58)
(73, 85)
(16, 78)
(75, 55)
(74, 13)
(71, 23)
(2, 66)
(23, 63)
(63, 2)
(54, 29)
(53, 47)
(51, 40)
(6, 33)
(33, 3)

B sorted: 
(11, 93)
(3, 93)
(90, 18)
(90, 8)
(41, 88)
(51, 85)
(80, 28)
(76, 33)
(70, 46)
(19, 66)
(65, 48)
(64, 1)
(49, 60)
(30, 53)
(51, 31)
(42, 16)
(24, 2)
(21, 1)
(20, 5)
(14, 16)

matches:
(46, 97) - (11, 93)
(93, 98) - (3, 93)
(99, 29) - (90, 18)
(96, 43) - (90, 8)
(92, 73) - (41, 88)
(73, 85) - (51, 85)
(92, 50) - (80, 28)
(89, 58) - (76, 33)
(75, 55) - (70, 46)
(16, 78) - (19, 66)
(71, 23) - (65, 48)
(74, 13) - (64, 1)
(23, 63) - (49, 60)
(53, 47) - (30, 53)
(54, 29) - (51, 31)
(63, 2) - (42, 16)
(33, 3) - (24, 2)
(6, 33) - (21, 1)
(51, 40) - (20, 5)
(2, 66) - (14, 16)
