1 15
0 24
46 30
42 46
37 38
40 16
43 1
20 50
38 2
17 27
34 48
19 5
15 19
22 39
22 28
45 0
6 10
7 33
26 46
40 48
9 25
20 43
18 27
7 47
35 20
9 31
38 36
2 41
46 15
8 29
3 37
0 8
41 3
25 26
20 24
50 50
17 13
30 26
6 31
10 1
11 45
28 10
20 29
26 42
20 31
47 27
10 44
12 2
14 28
36 29
33 45
10 31
18 46
50 44
19 9
44 26
31 16
33 17
36 7
46 11
29 48
2 18
14 17
0 28
20 39
26 34
22 26
1 30
22 6
11 13
48 42
5 47
27 17
38 2
17 15
36 31
45 3
18 48
27 10
13 1
16 28
29 22
45 32
30 31
24 5
0 20
21 27
42 4
47 46
27 43
40 26
49 45
15 10
12 36
12 47
5 6
42 30
26 50
31 22
16 8