44 28
32 12
37 4
41 46
40 43
16 25
22 10
32 10
18 45
36 36
49 42
37 31
50 41
19 14
27 11
22 32
3 4
4 37
15 1
12 11
18 29
25 13
33 38
16 25
20 34
24 14
2 25
31 45
43 32
33 25
13 34
27 27
24 1
31 3
18 31
12 27
19 32
20 32
32 0
2 16
24 13
45 36
46 9
1 8
7 36
42 42
20 24
41 37
39 46
9 2
6 2
13 35
41 7
40 23
24 20
36 46
41 37
49 10
34 43
8 47
46 18
1 45
11 43
28 7
11 14
44 8
24 33
41 4
36 32
41 8
2 40
2 13
15 20
10 14
49 13
9 28
6 45
25 20
24 3
47 39
24 25
27 50
11 44
38 33
2 12
6 32
18 29
2 14
47 41
6 40
49 47
10 16
42 47
3 14
11 34
5 9
37 9
12 39
37 10
22 0