Tamaño del matching: 82
Matching:

(A -> B)
(2.0, 41.0) -> (1.0, 41.0)
(2.0, 18.0) -> (2.0, 1.0)
(3.0, 37.0) -> (3.0, 2.0)
(5.0, 47.0) -> (4.0, 38.0)
(6.0, 31.0) -> (6.0, 27.0)
(7.0, 33.0) -> (7.0, 25.0)
(7.0, 47.0) -> (6.0, 40.0)
(8.0, 29.0) -> (4.0, 20.0)
(9.0, 25.0) -> (6.0, 19.0)
(9.0, 31.0) -> (9.0, 31.0)
(10.0, 1.0) -> (10.0, 1.0)
(10.0, 44.0) -> (8.0, 42.0)
(10.0, 31.0) -> (9.0, 26.0)
(11.0, 45.0) -> (4.0, 37.0)
(11.0, 13.0) -> (11.0, 2.0)
(12.0, 36.0) -> (7.0, 36.0)
(12.0, 47.0) -> (9.0, 47.0)
(14.0, 28.0) -> (9.0, 26.0)
(14.0, 17.0) -> (7.0, 17.0)
(15.0, 19.0) -> (6.0, 18.0)
(15.0, 10.0) -> (14.0, 0.0)
(16.0, 28.0) -> (16.0, 28.0)
(17.0, 27.0) -> (14.0, 22.0)
(17.0, 13.0) -> (15.0, 12.0)
(17.0, 15.0) -> (15.0, 12.0)
(18.0, 27.0) -> (16.0, 19.0)
(18.0, 46.0) -> (11.0, 46.0)
(18.0, 48.0) -> (2.0, 48.0)
(19.0, 5.0) -> (19.0, 2.0)
(20.0, 50.0) -> (2.0, 50.0)
(20.0, 43.0) -> (20.0, 42.0)
(20.0, 24.0) -> (20.0, 19.0)
(20.0, 29.0) -> (17.0, 28.0)
(20.0, 31.0) -> (17.0, 31.0)
(20.0, 39.0) -> (8.0, 36.0)
(21.0, 27.0) -> (19.0, 18.0)
(22.0, 39.0) -> (6.0, 34.0)
(22.0, 28.0) -> (13.0, 16.0)
(22.0, 26.0) -> (18.0, 16.0)
(22.0, 6.0) -> (21.0, 2.0)
(25.0, 26.0) -> (23.0, 16.0)
(26.0, 46.0) -> (15.0, 45.0)
(26.0, 42.0) -> (17.0, 41.0)
(26.0, 34.0) -> (19.0, 33.0)
(26.0, 50.0) -> (3.0, 50.0)
(27.0, 17.0) -> (22.0, 14.0)
(27.0, 10.0) -> (26.0, 9.0)
(27.0, 43.0) -> (25.0, 35.0)
(29.0, 48.0) -> (28.0, 32.0)
(29.0, 22.0) -> (27.0, 18.0)
(30.0, 26.0) -> (29.0, 18.0)
(30.0, 31.0) -> (28.0, 31.0)
(31.0, 16.0) -> (31.0, 9.0)
(31.0, 22.0) -> (30.0, 18.0)
(33.0, 45.0) -> (33.0, 39.0)
(33.0, 17.0) -> (32.0, 15.0)
(34.0, 48.0) -> (34.0, 42.0)
(35.0, 20.0) -> (32.0, 20.0)
(36.0, 29.0) -> (24.0, 29.0)
(36.0, 7.0) -> (33.0, 4.0)
(36.0, 31.0) -> (14.0, 30.0)
(37.0, 38.0) -> (31.0, 37.0)
(38.0, 2.0) -> (30.0, 1.0)
(38.0, 36.0) -> (32.0, 33.0)
(40.0, 16.0) -> (35.0, 11.0)
(40.0, 48.0) -> (38.0, 42.0)
(40.0, 26.0) -> (37.0, 22.0)
(41.0, 3.0) -> (40.0, 3.0)
(42.0, 46.0) -> (35.0, 41.0)
(42.0, 4.0) -> (42.0, 4.0)
(42.0, 30.0) -> (14.0, 30.0)
(44.0, 26.0) -> (42.0, 21.0)
(45.0, 32.0) -> (25.0, 30.0)
(46.0, 30.0) -> (42.0, 29.0)
(46.0, 15.0) -> (38.0, 11.0)
(46.0, 11.0) -> (42.0, 10.0)
(47.0, 27.0) -> (46.0, 21.0)
(47.0, 46.0) -> (47.0, 46.0)
(48.0, 42.0) -> (47.0, 42.0)
(49.0, 45.0) -> (49.0, 39.0)
(50.0, 50.0) -> (8.0, 50.0)
(50.0, 44.0) -> (50.0, 44.0)
